24 36
--- Collection 1 ---
5ad8cbf95ec43437b064cfbc Siam Square Art's Cafe
5ad8554d29c79f2d28a79e14 Glass Dining & Lounge Bar
5ad8d1395ec43437b064cff1 Taboon Cafe
5ad8cddf5ec43437b064cfcf Thyme Cafe Bar
5ad85f0c29c79f2d28a79e76 Shogun Japanese Restaurant
5ad8c5115ec43437b064cf77 The Paddock Bakery
5ad8c6935ec43437b064cf86 Daark Espresso
5ad86bd729c79f2d28a79ef7 Highland Court Chinese Restaurant
5ad8701a29c79f2d28a79f22 Kurrawa Surf Club
5ad8665e29c79f2d28a79ec0 Can Tho Kitchen
5ad874b329c79f2d28a79f50 Saffron Indian Gourmet
5ad85e3a29c79f2d28a79e6e Osaka Kaiten Sushi
5ad86aad29c79f2d28a79eeb Sparrow Eating House
5ad8550229c79f2d28a79e11 Little Truffle
5ad87bb629c79f2d28a79f97 Grill'd Surfers Paradise
5ad8caf35ec43437b064cfb2 Simple Coffee House
5ad8caa95ec43437b064cfaf Zarraffa's Coffee
5ad862bb29c79f2d28a79e9b COCOTTE DINING in Robina
5ad8e3cb5ec43437b064d0ab Baritalia
5ad8721629c79f2d28a79f36 Schnitz
5ad871b329c79f2d28a79f32 BMD Northcliffe Surf Club
5ad8c4c65ec43437b064cf74 Beach Cafe
5ad85c0b29c79f2d28a79e58 Gemelli Italian
5ad8592d29c79f2d28a79e3b Cav's Steakhouse
--- Collection 2 ---
5ad5d6e657ab260b7cc59e1c Gemelli Italian
5ad5d6f857ab260b7cc5a067 Baritalia
5ad5d6f957ab260b7cc5a0a7 Simple Coffee House
5ad5d6e657ab260b7cc59e14 BMD Northcliffe Surf Club
5ad5d6f357ab260b7cc59fdb Thyme Cafe Bar
5ad5d6f357ab260b7cc59fe5 Beach Cafe
5ad5d6f657ab260b7cc5a03a Sparrow Eating House
5ad5d6e757ab260b7cc59e50 Glass Dining & Lounge Bar
5ad5d6f357ab260b7cc59ffb Cav's Steakhouse
5ad5d6eb57ab260b7cc59efc Zarraffa's Coffee
5ad5d6e757ab260b7cc59e5e Yamagen Japanese Restaurant
5ad5d6f857ab260b7cc5a06c Osaka Kaiten Sushi
5ad5d6ea57ab260b7cc59ecf Can Tho Kitchen
5ad5d6e757ab260b7cc59e63 Uchouten Japanese Restaurant
5ad5d6eb57ab260b7cc59ed2 You Japanese Restaurant
5ad5d6f857ab260b7cc5a081 Gilley's Surfers Paradise
5ad5d6f157ab260b7cc59fc3 Zarraffa's Coffee
5ad5d6f857ab260b7cc5a069 Sagano Japanese Restaurant
5ad5d6ee57ab260b7cc59f63 Cav's Steakhouse
5ad5d6f957ab260b7cc5a0bf Zarraffa's Coffee
5ad5d6f357ab260b7cc59fdf Saki Japanese Restaurant
5ad5d6f157ab260b7cc59fa4 Taboon
5ad5d6f057ab260b7cc59f6f Cocotte Dining
5ad5d6e657ab260b7cc59e37 Paddock Bakery
5ad5d6ea57ab260b7cc59ea3 Kurrawa Surf Club
5ad5d6e657ab260b7cc59e25 Baritalia
5ad5d6f657ab260b7cc5a055 Saffron Indian Gourmet
5ad5d6f157ab260b7cc59fb7 Schnitz
5ad5d6e857ab260b7cc59e6e Ten Japanese Restaurant
5ad5d6ee57ab260b7cc59f36 Siam Square Art's Cafe
5ad5d6f457ab260b7cc5a015 Little Truffle
5ad5d6e657ab260b7cc59e08 Daark Espresso
5ad5d6f157ab260b7cc59fae Highland Court Chinese Restaurant
5ad5d6f157ab260b7cc59fad Zarraffa's Coffee
5ad5d6fb57ab260b7cc5a0e2 Zarraffa's Coffee
5ad5d6ea57ab260b7cc59eac Itoshin Japanese Restaurant
--- Scores ---
0.82 0.82 0.77 0.88 0.77 0.68 0.77 0.84 0.77 0.68 0.78 0.82 0.77 0.82 0.83 0.80 0.68 0.73 0.77 0.68 0.75 0.95 0.91 0.91 0.82 0.82 0.91 0.91 0.83 0.00 0.77 0.82 0.76 0.68 0.68 0.78 
0.80 0.84 0.84 0.96 0.76 0.88 0.72 0.00 0.80 0.84 0.85 0.80 0.84 0.89 0.88 0.92 0.84 0.85 0.80 0.84 0.84 0.88 0.80 0.84 0.84 0.84 0.76 0.88 0.88 0.84 0.84 0.88 0.79 0.84 0.84 0.85 
0.87 0.82 0.79 0.84 0.64 0.55 0.75 0.84 0.81 0.71 0.81 0.83 0.80 0.82 0.87 0.88 0.71 0.81 0.81 0.71 0.83 0.15 0.86 0.64 0.82 0.82 0.73 0.91 0.83 0.73 0.79 0.86 0.85 0.71 0.71 0.81 
0.87 0.86 0.68 0.80 0.00 0.64 0.85 0.76 0.88 0.88 0.74 0.78 1.00 0.71 0.78 0.72 0.88 0.77 0.88 0.88 0.79 0.86 1.00 0.86 0.88 0.86 0.86 0.93 0.74 0.77 0.93 0.93 0.79 0.88 0.88 0.74 
0.77 0.81 0.77 0.92 0.73 0.88 0.81 0.88 0.85 0.88 0.19 0.77 0.81 0.18 0.15 0.88 0.88 0.15 0.85 0.88 0.19 0.88 0.85 0.88 0.77 0.81 0.73 0.88 0.19 0.77 0.85 0.77 0.45 0.88 0.88 0.19 
0.89 0.89 0.95 0.88 0.61 0.67 0.95 0.88 0.89 0.89 0.81 0.94 0.78 0.79 0.83 0.84 0.89 0.85 0.89 0.89 0.83 0.83 0.94 0.07 0.94 0.89 0.91 0.94 0.78 0.86 0.94 0.89 0.82 0.89 0.89 0.78 
1.00 0.86 0.84 0.80 0.93 0.79 0.75 0.88 0.75 0.82 0.70 0.72 0.93 0.79 0.74 0.76 0.82 0.69 0.75 0.82 0.71 0.93 0.93 0.86 0.82 0.86 0.82 0.93 0.74 0.82 0.93 0.00 0.76 0.82 0.82 0.78 
0.79 0.82 0.73 0.73 0.79 0.85 0.82 0.79 0.88 0.85 0.48 0.79 0.76 0.48 0.48 0.79 0.85 0.42 0.88 0.85 0.48 0.91 0.82 0.82 0.79 0.82 0.76 0.88 0.48 0.76 0.82 0.76 0.00 0.85 0.85 0.48 
0.94 0.82 0.84 0.56 0.88 0.82 0.75 0.84 0.88 0.76 0.81 0.89 0.88 0.79 0.74 0.76 0.76 0.81 0.88 0.76 0.75 0.94 0.94 0.94 0.00 0.82 0.86 0.94 0.78 0.82 0.82 0.82 0.79 0.76 0.76 0.81 
0.80 0.80 0.89 0.80 1.00 0.80 0.85 0.84 0.75 0.82 0.78 0.83 0.00 0.79 0.83 0.92 0.82 0.77 0.75 0.82 0.79 0.80 0.73 0.80 0.88 0.80 0.77 0.80 0.78 0.77 0.87 0.93 0.76 0.82 0.82 0.81 
0.82 0.82 0.73 0.84 0.86 0.86 0.59 0.76 0.73 0.77 0.70 0.77 0.77 0.75 0.87 0.92 0.77 0.69 0.73 0.77 0.75 0.86 0.77 0.82 0.86 0.82 0.00 0.86 0.87 0.91 0.86 0.82 0.76 0.77 0.77 0.74 
0.89 0.83 0.79 0.84 0.78 0.78 0.70 0.80 0.78 0.89 0.74 0.00 0.83 0.75 0.78 0.84 0.89 0.69 0.78 0.89 0.67 0.89 0.89 0.94 0.89 0.83 0.77 0.83 0.83 0.82 0.94 0.72 0.79 0.89 0.89 0.70 
0.90 0.80 0.60 0.88 0.85 0.80 0.00 0.72 0.60 0.70 0.81 0.70 0.85 0.82 0.91 0.84 0.70 0.77 0.60 0.70 0.83 0.85 0.80 0.80 0.75 0.80 0.59 0.90 0.91 0.77 0.85 0.75 0.82 0.70 0.70 0.81 
0.87 0.93 0.68 0.76 0.93 0.79 0.85 0.84 0.88 0.82 0.85 0.94 0.87 0.82 0.83 0.80 0.82 0.85 0.88 0.82 0.79 0.93 0.86 1.00 0.82 0.93 0.86 0.93 0.83 0.77 0.00 0.93 0.82 0.82 0.82 0.81 
0.79 0.88 0.71 0.92 0.75 0.88 0.83 0.92 0.71 0.83 0.85 0.83 0.92 0.86 0.88 0.16 0.83 0.85 0.71 0.83 0.88 0.96 0.88 0.88 0.75 0.88 0.92 0.92 0.88 0.79 0.79 0.75 0.76 0.83 0.83 0.85 
0.89 1.00 0.00 0.80 0.68 0.79 0.60 0.84 0.63 0.84 0.74 0.79 0.89 0.79 0.87 0.68 0.84 0.77 0.63 0.84 0.83 0.89 0.84 0.89 0.84 1.00 0.73 0.84 0.87 0.77 0.68 0.84 0.73 0.84 0.84 0.81 
1.00 0.82 0.84 0.84 0.88 0.71 0.70 0.84 0.82 0.00 0.85 0.89 0.82 0.89 0.87 0.84 0.00 0.85 0.82 0.00 0.83 0.88 0.94 0.88 0.76 0.82 0.77 0.88 0.87 0.68 0.82 0.82 0.85 0.00 0.00 0.89 
0.79 0.88 0.83 0.88 0.83 0.92 0.75 0.68 0.88 0.92 0.85 0.79 0.79 0.75 0.88 0.88 0.92 0.88 0.88 0.92 0.92 0.88 0.14 0.92 0.88 0.88 0.79 0.88 0.92 0.96 0.83 0.88 0.79 0.92 0.92 0.85 
0.60 0.00 1.00 0.84 0.86 0.80 0.80 0.84 0.81 0.82 0.81 0.83 0.80 0.82 0.78 0.88 0.82 0.81 0.81 0.82 0.79 0.89 0.86 0.86 0.82 0.00 0.82 0.89 0.78 0.82 0.93 0.86 0.82 0.82 0.82 0.81 
0.87 0.89 0.84 0.92 0.93 0.80 0.90 0.88 0.88 0.88 0.93 0.83 0.80 0.86 0.91 0.92 0.88 0.88 0.88 0.88 0.88 1.00 0.79 0.93 0.94 0.89 0.86 0.00 0.91 0.91 0.93 0.93 0.88 0.88 0.88 0.89 
0.88 0.84 0.80 0.00 0.80 0.84 0.88 0.96 0.88 0.84 0.89 0.84 0.80 0.89 0.88 0.92 0.84 0.85 0.88 0.84 0.92 0.96 0.84 0.84 0.56 0.84 0.84 0.92 0.88 0.88 0.76 0.80 0.73 0.84 0.84 0.93 
0.80 0.80 0.79 0.84 0.64 0.00 0.80 0.88 0.81 0.71 0.85 0.78 0.80 0.86 0.87 0.84 0.71 0.85 0.81 0.71 0.88 0.90 0.93 0.71 0.82 0.80 0.86 0.80 0.83 0.68 0.79 0.79 0.85 0.71 0.71 0.85 
0.00 0.60 0.89 0.88 0.87 0.80 0.90 0.80 0.94 1.00 0.74 0.89 0.80 0.79 0.78 0.80 1.00 0.77 0.94 1.00 0.79 0.80 0.87 0.87 0.94 0.60 0.82 0.87 0.74 0.82 0.87 1.00 0.79 1.00 1.00 0.81 
0.94 0.81 0.63 0.88 0.88 0.81 0.60 0.80 0.00 0.82 0.85 0.78 0.75 0.82 0.83 0.68 0.82 0.85 0.00 0.82 0.83 0.81 0.81 0.81 0.88 0.81 0.73 0.88 0.83 0.77 0.88 0.75 0.88 0.82 0.82 0.85 
