18 36
--- Collection 1 ---
5ad5d6f457ab260b7cc5a023 Cha Cha Japanese Restaurant
5ad5d6f957ab260b7cc5a0bf Zarraffa's Coffee
5ad5d6ea57ab260b7cc59ecb Danosi Kitchen
5ad5d6f457ab260b7cc5a02a The Groove Train
5ad5d6f157ab260b7cc59fc3 Zarraffa's Coffee
5ad5d6fb57ab260b7cc5a0e2 Zarraffa's Coffee
5ad5d6f357ab260b7cc59fd3 Taste
5ad5d6f157ab260b7cc59fad Zarraffa's Coffee
5ad5d6f957ab260b7cc5a09d Arakawa Japanese Restaurant
5ad5d6f157ab260b7cc59fae Highland Court Chinese Restaurant
5ad5d6e657ab260b7cc59e0a BSKT Cafe
5ad5d6f357ab260b7cc59fce Agnee Indian
5ad5d6e657ab260b7cc59e20 Easy Street Diner
5ad5d6eb57ab260b7cc59efc Zarraffa's Coffee
5ad5d6e657ab260b7cc59e0d Hard Rock Cafe
5ad5d6f057ab260b7cc59f67 Cha Cha Japanese Restaurant
5ad5d6f957ab260b7cc5a0b8 The Lazy Lobster
5ad5d6e657ab260b7cc59e24 Salt Meats Cheese
--- Collection 2 ---
5ad56f608a0cd0640cdf6775 Cha Cha Japanese Restaurant
5ad570668a0cd0640cdf6ba8 Nagoya Japanese Restaurant
5ad56ee98a0cd0640cdf658d The Groove Train
5ad573398a0cd0640cdf76c0 Taste&Co
5ad574a68a0cd0640cdf7c96 Groove Train
5ad5744e8a0cd0640cdf7b44 The Groove Train
5ad5709e8a0cd0640cdf6c86 Chidori Japanese Restaurant
5ad571ea8a0cd0640cdf7195 Asian Court Chinese Restaurant
5ad56f1d8a0cd0640cdf665b Highland Court Chinese Resturant
5ad5720a8a0cd0640cdf7219 Thai Taste
5ad572128a0cd0640cdf7228 Danosi Kitchen
5ad573b88a0cd0640cdf78c7 Pure Tastes
5ad5730c8a0cd0640cdf7611 Sakura Japanese Restaurant
5ad5705f8a0cd0640cdf6b87 The Groove Train Chermside
5ad5740a8a0cd0640cdf7a28 Taste Garden
5ad574868a0cd0640cdf7c11 Taste Bar
5ad56e498a0cd0640cdf62fb Wagaya Japanese Restaurant
5ad574668a0cd0640cdf7b9b Gurkha Taste
5ad574468a0cd0640cdf7b1e Inakaya Japanese Restaurant
5ad56e5f8a0cd0640cdf6350 The Lazy Lobster
5ad56f4a8a0cd0640cdf6724 The Groove Train
5ad573a98a0cd0640cdf789a Taste
5ad56e778a0cd0640cdf63aa Hachi Japanese Restaurant
5ad573c78a0cd0640cdf7907 Hanabi Japanese Restaurant
5ad56f7e8a0cd0640cdf67f1 Danosi Kitchen
5ad56e878a0cd0640cdf63f8 Hard Rock Cafe
5ad574378a0cd0640cdf7ada Asian Court Chinese Restaurant
5ad56e418a0cd0640cdf62cd Salt Meats Cheese
5ad56e328a0cd0640cdf6290 Agnee Indian
5ad571648a0cd0640cdf6f92 Salt Meats Cheese
5ad56f4a8a0cd0640cdf6723 Shang Court Chinese Restaurant
5ad5718b8a0cd0640cdf7031 Arana Court Chinese Restaurant
5ad56ee18a0cd0640cdf6555 Maruya Japanese Restaurant
5ad56e588a0cd0640cdf633a Easy Street Diner
5ad56e6f8a0cd0640cdf6399 BSKT cafe
5ad572718a0cd0640cdf739f Zarraffa's
--- Scores ---
0.00 0.19 0.74 0.89 0.81 0.74 0.19 0.40 0.47 0.78 0.78 0.81 0.19 0.89 0.81 0.81 0.19 0.78 0.19 0.78 0.74 0.89 0.11 0.19 0.78 0.81 0.40 0.81 0.74 0.81 0.37 0.40 0.19 0.78 0.89 0.85 
0.81 0.81 0.94 0.82 0.88 0.94 0.85 0.83 0.84 0.82 0.82 0.76 0.77 0.81 0.82 0.88 0.81 0.76 0.81 0.82 0.94 0.82 0.84 0.85 0.82 0.65 0.83 0.65 0.88 0.65 0.83 0.80 0.77 0.88 0.76 0.14 
0.78 0.77 0.88 0.79 0.71 0.88 0.74 0.77 0.78 0.79 0.00 0.86 0.77 0.77 0.71 0.86 0.77 0.86 0.78 0.88 0.88 0.71 0.76 0.77 0.00 0.86 0.77 0.76 0.71 0.76 0.77 0.77 0.77 0.76 0.79 0.93 
0.74 0.77 0.00 0.88 0.08 0.00 0.74 0.77 0.75 0.75 0.88 0.81 0.77 0.13 0.75 0.75 0.77 0.81 0.78 0.75 0.00 0.88 0.72 0.77 0.88 0.75 0.77 0.94 0.75 0.94 0.73 0.77 0.77 0.82 0.88 0.88 
0.81 0.81 0.94 0.82 0.88 0.94 0.85 0.83 0.84 0.82 0.82 0.76 0.77 0.81 0.82 0.88 0.81 0.76 0.81 0.82 0.94 0.82 0.84 0.85 0.82 0.65 0.83 0.65 0.88 0.65 0.83 0.80 0.77 0.88 0.76 0.14 
0.81 0.81 0.94 0.82 0.88 0.94 0.85 0.83 0.84 0.82 0.82 0.76 0.77 0.81 0.82 0.88 0.81 0.76 0.81 0.82 0.94 0.82 0.84 0.85 0.82 0.65 0.83 0.65 0.88 0.65 0.83 0.80 0.77 0.88 0.76 0.14 
0.89 0.88 0.88 0.12 0.92 0.88 0.89 0.90 0.91 0.17 0.71 0.18 0.88 0.85 0.19 0.15 0.88 0.19 0.89 0.69 0.88 0.00 0.88 0.88 0.71 0.86 0.90 0.76 0.92 0.76 0.90 0.90 0.88 0.76 0.78 0.90 
0.81 0.81 0.94 0.82 0.88 0.94 0.85 0.83 0.84 0.82 0.82 0.76 0.77 0.81 0.82 0.88 0.81 0.76 0.81 0.82 0.94 0.82 0.84 0.85 0.82 0.65 0.83 0.65 0.88 0.65 0.83 0.80 0.77 0.88 0.76 0.14 
0.19 0.19 0.78 0.89 0.78 0.78 0.26 0.43 0.53 0.81 0.78 0.81 0.15 0.96 0.81 0.81 0.15 0.78 0.11 0.81 0.78 0.89 0.22 0.19 0.78 0.85 0.43 0.81 0.74 0.81 0.47 0.37 0.19 0.78 0.85 0.85 
0.42 0.45 0.76 0.91 0.79 0.76 0.42 0.18 0.03 0.82 0.79 0.82 0.45 0.79 0.82 0.82 0.45 0.79 0.45 0.79 0.76 0.91 0.45 0.45 0.79 0.76 0.18 0.76 0.79 0.76 0.15 0.18 0.48 0.79 0.88 0.85 
0.89 0.88 0.88 0.89 0.83 0.88 0.89 0.83 0.88 0.70 0.79 0.73 0.85 0.85 0.67 0.78 0.88 0.67 0.85 0.88 0.88 0.78 0.88 0.85 0.79 0.64 0.83 0.76 0.92 0.76 0.87 0.87 0.88 0.76 0.00 0.90 
0.74 0.69 0.75 0.92 0.75 0.75 0.74 0.77 0.78 0.92 0.71 0.83 0.73 0.77 0.75 0.75 0.69 1.00 0.74 0.94 0.75 0.92 0.72 0.73 0.71 0.86 0.77 0.82 0.00 0.82 0.73 0.77 0.73 0.76 0.92 1.00 
0.78 0.73 0.82 0.76 0.76 0.82 0.81 0.77 0.78 0.76 0.76 0.76 0.77 0.77 0.71 0.65 0.73 0.88 0.74 0.82 0.82 0.76 0.76 0.77 0.76 0.71 0.77 0.76 0.76 0.76 0.77 0.77 0.73 0.00 0.76 0.88 
0.81 0.81 0.94 0.82 0.88 0.94 0.85 0.83 0.84 0.82 0.82 0.76 0.77 0.81 0.82 0.88 0.81 0.76 0.81 0.82 0.94 0.82 0.84 0.85 0.82 0.65 0.83 0.65 0.88 0.65 0.83 0.80 0.77 0.88 0.76 0.14 
0.81 0.85 0.75 0.86 0.79 0.75 0.81 0.83 0.75 0.79 0.86 0.86 0.81 0.73 0.86 0.79 0.85 0.79 0.85 0.88 0.75 0.86 0.80 0.81 0.86 0.00 0.83 0.71 0.86 0.71 0.77 0.80 0.81 0.71 0.64 0.71 
0.00 0.19 0.74 0.89 0.81 0.74 0.19 0.40 0.47 0.78 0.78 0.81 0.19 0.89 0.81 0.81 0.19 0.78 0.19 0.78 0.74 0.89 0.11 0.19 0.78 0.81 0.40 0.81 0.74 0.81 0.37 0.40 0.19 0.78 0.89 0.85 
0.78 0.81 0.75 0.81 0.94 0.75 0.78 0.83 0.78 0.56 0.88 0.69 0.81 0.73 0.81 0.75 0.81 0.69 0.81 0.00 0.75 0.69 0.76 0.81 0.88 0.88 0.83 0.82 0.94 0.82 0.80 0.83 0.81 0.82 0.88 0.88 
0.81 0.81 0.94 0.76 0.88 0.94 0.85 0.73 0.75 0.76 0.76 0.71 0.77 0.69 0.76 0.76 0.81 0.82 0.81 0.82 0.94 0.76 0.80 0.81 0.76 0.71 0.73 0.00 0.82 0.00 0.70 0.73 0.81 0.76 0.76 0.82 
