47 14
--- Collection 1 ---
5ad574288a0cd0640cdf7a98 The Coffee Club
5ad570ce8a0cd0640cdf6d4d The Coffee Club
5ad572718a0cd0640cdf739f Zarraffa's
5ad56fd18a0cd0640cdf6934 Sato Japanese Restaurant
5ad56e498a0cd0640cdf62eb Longboards Laidback Eatery & Bar
5ad570238a0cd0640cdf6aa7 The Coffee Club
5ad56e5f8a0cd0640cdf6359 Yamagen Japanese Restaurant
5ad573f48a0cd0640cdf79da Star
5ad573b08a0cd0640cdf78a6 The Coffee Club
5ad573148a0cd0640cdf761f Azabu Japanese Restaurant
5ad5702b8a0cd0640cdf6aaa Ginga Japanese Restaurant
5ad56e678a0cd0640cdf6377 Mizu Japanese Restaurant
5ad573fb8a0cd0640cdf79e8 The Coffee Club
5ad56f1d8a0cd0640cdf6659 Oshin Japanese Restaurant
5ad5706e8a0cd0640cdf6bcd Gemelli Italian Sorrento
5ad5710c8a0cd0640cdf6e3a The Coffee Club
5ad56e498a0cd0640cdf62ff Gemelli Italian
5ad570e58a0cd0640cdf6d90 Ren Japanese Restaurant
5ad56ed28a0cd0640cdf6519 The Coffee Club
5ad56e328a0cd0640cdf628d Misono Japanese Steakhouse
5ad56ebb8a0cd0640cdf64ca You Japanese Restaurant
5ad572a08a0cd0640cdf7460 The Coffee Club
5ad570a68a0cd0640cdf6c9e The Coffee Club
5ad5731b8a0cd0640cdf7651 Ginga Japanese Restaurant
5ad570328a0cd0640cdf6ace Rikyu Japanese Restaurant
5ad56f338a0cd0640cdf66b4 The Coffee Club
5ad56e878a0cd0640cdf63e8 Giri Kana Cafe
5ad572b88a0cd0640cdf74a9 The Coffee Club
5ad56e878a0cd0640cdf63f5 Wagyu-ya on chevron
5ad5740a8a0cd0640cdf7a29 Sono Japanese Restaurant
5ad572818a0cd0640cdf73d0 Ginga Japanese Restaurant
5ad56e2b8a0cd0640cdf6283 Le Cafe Gourmand
5ad56e778a0cd0640cdf63aa Hachi Japanese Restaurant
5ad56e588a0cd0640cdf6335 Daark Espresso
5ad56e2b8a0cd0640cdf626c Ten Japanese Restaurant
5ad56e6f8a0cd0640cdf6384 Itoshin Japanese Restaurant
5ad5734f8a0cd0640cdf7718 Terah's restaurant
5ad573e58a0cd0640cdf7996 The Coffee Club
5ad56fb38a0cd0640cdf68c9 Terah's Restaurant
5ad5737c8a0cd0640cdf77e0 The Coffee Club
5ad56f338a0cd0640cdf66b0 Shogun Japanese Restaurant
5ad56e6f8a0cd0640cdf639e Terraces Restaurant
5ad5730c8a0cd0640cdf7611 Sakura Japanese Restaurant
5ad56e2b8a0cd0640cdf6286 Willow Dining Room
5ad571ab8a0cd0640cdf70af The Coffee Club
5ad571838a0cd0640cdf6ffd Koya Japanese Restaurant
5ad572d08a0cd0640cdf7509 Oshin Japanese Restaurants
--- Collection 2 ---
5ad8d8cf5ec43437b064d03d The Coffee Club Café - Q Super Centre
5ad8e4485ec43437b064d0b0 The Coffee Club Café - Broadbeach
5ad8ce5b5ec43437b064cfd4 Starbucks
5ad8c6935ec43437b064cf86 Daark Espresso
5ad8d78c5ec43437b064d030 Giri Kana Cafe
5ad8561329c79f2d28a79e1c Willow Dining Room
5ad85e0829c79f2d28a79e6c Longboards Laidback Eatery & Bar
5ad8556629c79f2d28a79e15 Terraces Restaurant
5ad85c0b29c79f2d28a79e58 Gemelli Italian
5ad8d3f35ec43437b064d00c Zarraffa's Coffee Nerang
5ad8585a29c79f2d28a79e33 Le Cafe Gourmand
5ad8569029c79f2d28a79e21 Misono Japanese Steakhouse
5ad8673029c79f2d28a79ec8 Wagyu-Ya on Chevron
5ad85f0c29c79f2d28a79e76 Shogun Japanese Restaurant
--- Scores ---
0.20 0.18 0.93 1.00 0.87 0.89 0.88 0.79 0.93 0.67 0.75 0.81 0.89 0.77 
0.20 0.18 0.93 1.00 0.87 0.89 0.88 0.79 0.93 0.67 0.75 0.81 0.89 0.77 
0.89 0.88 0.80 0.79 0.79 1.00 0.88 0.79 0.93 0.19 0.81 0.88 0.89 0.85 
0.78 0.85 0.79 0.71 0.79 0.88 0.81 0.38 0.79 0.79 0.71 0.50 0.79 0.19 
0.78 0.82 0.84 0.78 0.75 0.84 0.00 0.84 0.81 0.81 0.84 0.81 0.84 0.81 
0.20 0.18 0.93 1.00 0.87 0.89 0.88 0.79 0.93 0.67 0.75 0.81 0.89 0.77 
0.78 0.85 0.89 0.70 0.81 0.85 0.81 0.44 0.74 0.74 0.70 0.56 0.74 0.19 
0.95 0.94 0.19 0.86 0.93 0.94 0.88 0.79 0.87 0.92 0.88 0.88 0.89 0.85 
0.20 0.18 0.93 1.00 0.87 0.89 0.88 0.79 0.93 0.67 0.75 0.81 0.89 0.77 
0.81 0.88 0.88 0.72 0.80 0.88 0.81 0.44 0.80 0.76 0.72 0.58 0.76 0.19 
0.81 0.88 0.88 0.72 0.72 0.84 0.75 0.44 0.76 0.76 0.72 0.54 0.80 0.19 
0.81 0.88 0.88 0.75 0.75 0.83 0.84 0.42 0.79 0.79 0.71 0.50 0.79 0.19 
0.20 0.18 0.93 1.00 0.87 0.89 0.88 0.79 0.93 0.67 0.75 0.81 0.89 0.77 
0.78 0.85 0.84 0.76 0.76 0.88 0.81 0.44 0.80 0.80 0.72 0.54 0.80 0.15 
0.73 0.79 0.88 0.79 0.71 0.79 0.84 0.79 0.12 0.96 0.75 0.85 0.83 0.81 
0.20 0.18 0.93 1.00 0.87 0.89 0.88 0.79 0.93 0.67 0.75 0.81 0.89 0.77 
0.86 0.82 1.00 1.00 0.80 0.89 0.81 0.68 0.00 0.88 0.75 0.88 0.84 0.77 
0.78 0.85 0.87 0.74 0.83 0.91 0.81 0.35 0.74 0.79 0.65 0.54 0.83 0.19 
0.20 0.18 0.93 1.00 0.87 0.89 0.88 0.79 0.93 0.67 0.75 0.81 0.89 0.77 
0.81 0.85 0.85 0.77 0.73 0.81 0.81 0.81 0.88 0.92 0.85 0.00 0.81 0.58 
0.78 0.85 0.87 0.74 0.83 0.91 0.81 0.39 0.78 0.79 0.70 0.54 0.83 0.15 
0.20 0.18 0.93 1.00 0.87 0.89 0.88 0.79 0.93 0.67 0.75 0.81 0.89 0.77 
0.20 0.18 0.93 1.00 0.87 0.89 0.88 0.79 0.93 0.67 0.75 0.81 0.89 0.77 
0.81 0.88 0.88 0.72 0.72 0.84 0.75 0.44 0.76 0.76 0.72 0.54 0.80 0.19 
0.81 0.88 0.88 0.76 0.76 0.84 0.84 0.44 0.80 0.80 0.72 0.54 0.72 0.19 
0.20 0.18 0.93 1.00 0.87 0.89 0.88 0.79 0.93 0.67 0.75 0.81 0.89 0.77 
0.84 0.82 0.86 0.93 0.00 0.78 0.75 0.79 0.80 0.75 0.88 0.73 0.84 0.81 
0.20 0.18 0.93 1.00 0.87 0.89 0.88 0.79 0.93 0.67 0.75 0.81 0.89 0.77 
0.84 0.85 0.89 0.79 0.84 0.84 0.84 0.89 0.84 0.75 0.89 0.81 0.00 0.77 
0.78 0.85 0.83 0.75 0.79 0.88 0.75 0.42 0.79 0.83 0.71 0.42 0.83 0.15 
0.81 0.88 0.88 0.72 0.72 0.84 0.75 0.44 0.76 0.76 0.72 0.54 0.80 0.19 
0.76 0.73 0.88 0.81 0.88 0.89 0.84 0.63 0.75 0.75 0.00 0.85 0.89 0.73 
0.76 0.82 0.88 0.72 0.76 0.88 0.81 0.44 0.80 0.76 0.72 0.58 0.76 0.19 
0.84 0.88 0.79 0.00 0.93 0.89 0.78 0.68 1.00 0.79 0.81 0.77 0.79 0.77 
0.76 0.82 0.87 0.74 0.83 0.91 0.81 0.30 0.74 0.79 0.65 0.54 0.83 0.19 
0.78 0.85 0.85 0.78 0.78 0.85 0.81 0.44 0.81 0.81 0.74 0.56 0.81 0.19 
0.78 0.82 0.83 0.78 0.78 0.94 0.84 0.16 0.67 0.62 0.72 0.81 0.89 0.50 
0.20 0.18 0.93 1.00 0.87 0.89 0.88 0.79 0.93 0.67 0.75 0.81 0.89 0.77 
0.78 0.82 0.83 0.78 0.78 0.94 0.84 0.16 0.67 0.62 0.72 0.81 0.89 0.50 
0.20 0.18 0.93 1.00 0.87 0.89 0.88 0.79 0.93 0.67 0.75 0.81 0.89 0.77 
0.76 0.82 0.85 0.77 0.81 0.85 0.81 0.46 0.77 0.81 0.73 0.58 0.77 0.00 
0.76 0.79 0.84 0.68 0.79 0.95 0.84 0.00 0.68 0.62 0.63 0.81 0.89 0.46 
0.81 0.88 0.85 0.69 0.77 0.85 0.81 0.42 0.81 0.69 0.73 0.58 0.77 0.19 
0.89 0.85 1.00 0.89 0.78 0.00 0.84 0.95 0.89 0.88 0.89 0.81 0.84 0.85 
0.20 0.18 0.93 1.00 0.87 0.89 0.88 0.79 0.93 0.67 0.75 0.81 0.89 0.77 
0.78 0.85 0.88 0.71 0.79 0.88 0.78 0.42 0.79 0.79 0.71 0.54 0.79 0.19 
0.78 0.88 0.81 0.77 0.77 0.88 0.84 0.46 0.81 0.81 0.73 0.54 0.81 0.19 
