15 39
--- Collection 1 ---
5ad5d6e657ab260b7cc59e24 Salt Meats Cheese
5ad5d6ea57ab260b7cc59ecb Danosi Kitchen
5ad5d6fb57ab260b7cc5a0d4 The Coffee Club
5ad5d6ee57ab260b7cc59f54 Lone Star Rib House
5ad5d6e857ab260b7cc59e9c Le Jardin Cafe Restaurant
5ad5d6fb57ab260b7cc5a0d6 Krish Indian Cuisine
5ad5d6f857ab260b7cc5a069 Sagano Japanese Restaurant
5ad5d6ea57ab260b7cc59ebf The Coffee Club
5ad5d6f957ab260b7cc5a098 The Coffee Club
5ad5d6e757ab260b7cc59e48 Hazel Tea Shop
5ad5d6e757ab260b7cc59e5e Yamagen Japanese Restaurant
5ad5d6e857ab260b7cc59e6e Ten Japanese Restaurant
5ad5d6f857ab260b7cc5a07c Krish Indian Cuisine
5ad5d6e757ab260b7cc59e3a The Coffee Club
5ad5d6eb57ab260b7cc59ed1 Alfresco Italian Restaurant
--- Collection 2 ---
5ad570c68a0cd0640cdf6d20 Avial Indian Cuisine
5ad573058a0cd0640cdf75ea Olives Italian Restaurant
5ad5710c8a0cd0640cdf6e3a The Coffee Club
5ad56f068a0cd0640cdf65f6 Hazel Tea Shop
5ad573e58a0cd0640cdf7996 The Coffee Club
5ad571c28a0cd0640cdf70ff Lone Star Rib House
5ad5703a8a0cd0640cdf6afa Dami Japanese Restaurant
5ad5732a8a0cd0640cdf7680 Italian Restaurant
5ad56e418a0cd0640cdf62cd Salt Meats Cheese
5ad571938a0cd0640cdf7044 Yami Japanese Restaurant
5ad56f7e8a0cd0640cdf67f1 Danosi Kitchen
5ad5748e8a0cd0640cdf7c40 Lone Star Rib House
5ad571ab8a0cd0640cdf70af The Coffee Club
5ad56e7f8a0cd0640cdf63c9 Krish Indian Cuisine
5ad56ed28a0cd0640cdf6519 The Coffee Club
5ad570ce8a0cd0640cdf6d4d The Coffee Club
5ad56e498a0cd0640cdf62fb Wagaya Japanese Restaurant
5ad572b88a0cd0640cdf74b8 Yash Indian Cuisine
5ad573148a0cd0640cdf761f Azabu Japanese Restaurant
5ad572128a0cd0640cdf7228 Danosi Kitchen
5ad571648a0cd0640cdf6f92 Salt Meats Cheese
5ad56e2b8a0cd0640cdf626c Ten Japanese Restaurant
5ad5737c8a0cd0640cdf77e0 The Coffee Club
5ad570238a0cd0640cdf6aa7 The Coffee Club
5ad56f338a0cd0640cdf66b0 Shogun Japanese Restaurant
5ad5743f8a0cd0640cdf7b03 Lonestar Ribhouse
5ad56f338a0cd0640cdf66b4 The Coffee Club
5ad570e58a0cd0640cdf6d90 Ren Japanese Restaurant
5ad573fb8a0cd0640cdf79e8 The Coffee Club
5ad573b08a0cd0640cdf78a6 The Coffee Club
5ad572b88a0cd0640cdf74a9 The Coffee Club
5ad574288a0cd0640cdf7a98 The Coffee Club
5ad573c78a0cd0640cdf7907 Hanabi Japanese Restaurant
5ad56e328a0cd0640cdf62a9 Alfresco Italian Restaurant
5ad5702b8a0cd0640cdf6aae Le Jardin Cafe Restaurant
5ad570a68a0cd0640cdf6c9e The Coffee Club
5ad56e7f8a0cd0640cdf63c4 Le Jardin Cafe
5ad56e5f8a0cd0640cdf6359 Yamagen Japanese Restaurant
5ad572a08a0cd0640cdf7460 The Coffee Club
--- Scores ---
0.75 0.84 0.88 0.71 0.88 0.74 0.79 0.83 0.00 0.79 0.76 0.74 0.88 0.80 0.88 0.88 0.81 0.74 0.80 0.76 0.00 0.87 0.88 0.88 0.81 0.76 0.88 0.87 0.88 0.88 0.88 0.88 0.81 0.81 0.80 0.88 0.76 0.81 0.88 
0.80 0.80 0.93 0.86 0.93 0.74 0.71 0.78 0.76 0.75 0.00 0.74 0.93 0.80 0.93 0.93 0.77 0.74 0.76 0.00 0.76 0.74 0.93 0.93 0.77 0.76 0.93 0.74 0.93 0.93 0.93 0.93 0.77 0.81 0.80 0.93 0.93 0.78 0.93 
0.85 0.84 0.00 0.80 0.00 0.79 0.79 0.89 0.88 0.79 0.93 0.79 0.00 0.85 0.00 0.00 0.81 0.84 0.80 0.93 0.88 0.74 0.00 0.00 0.77 0.88 0.00 0.78 0.00 0.00 0.00 0.00 0.81 0.81 0.80 0.00 0.73 0.78 0.00 
0.90 0.72 0.79 0.74 0.79 0.00 0.83 0.89 0.74 0.83 0.74 0.00 0.79 0.85 0.79 0.79 0.85 0.89 0.84 0.74 0.74 0.83 0.79 0.79 0.81 0.11 0.79 0.83 0.79 0.79 0.79 0.79 0.81 0.74 0.80 0.79 0.58 0.81 0.79 
0.76 0.52 0.80 0.84 0.80 0.80 0.44 0.44 0.80 0.44 0.80 0.80 0.80 0.80 0.80 0.80 0.50 0.80 0.48 0.80 0.80 0.36 0.80 0.80 0.50 0.80 0.80 0.36 0.80 0.80 0.80 0.80 0.50 0.52 0.00 0.80 0.15 0.48 0.80 
0.20 0.68 0.85 0.80 0.85 0.85 0.88 0.80 0.80 0.88 0.80 0.85 0.85 0.00 0.85 0.85 0.85 0.15 0.84 0.80 0.80 0.91 0.85 0.85 0.85 0.80 0.85 0.87 0.85 0.85 0.85 0.85 0.85 0.67 0.80 0.85 0.70 0.85 0.85 
0.81 0.50 0.81 0.81 0.81 0.81 0.19 0.46 0.77 0.19 0.73 0.81 0.81 0.85 0.81 0.81 0.12 0.81 0.15 0.73 0.77 0.19 0.81 0.81 0.15 0.81 0.81 0.19 0.81 0.81 0.81 0.81 0.15 0.52 0.50 0.81 0.81 0.19 0.81 
0.85 0.84 0.00 0.80 0.00 0.79 0.79 0.89 0.88 0.79 0.93 0.79 0.00 0.85 0.00 0.00 0.81 0.84 0.80 0.93 0.88 0.74 0.00 0.00 0.77 0.88 0.00 0.78 0.00 0.00 0.00 0.00 0.81 0.81 0.80 0.00 0.73 0.78 0.00 
0.85 0.84 0.00 0.80 0.00 0.79 0.79 0.89 0.88 0.79 0.93 0.79 0.00 0.85 0.00 0.00 0.81 0.84 0.80 0.93 0.88 0.74 0.00 0.00 0.77 0.88 0.00 0.78 0.00 0.00 0.00 0.00 0.81 0.81 0.80 0.00 0.73 0.78 0.00 
0.75 0.76 0.80 0.00 0.80 0.74 0.79 0.78 0.71 0.79 0.86 0.74 0.80 0.80 0.80 0.80 0.81 0.79 0.80 0.86 0.71 0.78 0.80 0.80 0.77 0.76 0.80 0.78 0.80 0.80 0.80 0.80 0.77 0.78 0.84 0.80 0.93 0.78 0.80 
0.81 0.48 0.78 0.78 0.78 0.81 0.19 0.48 0.81 0.15 0.78 0.81 0.78 0.85 0.78 0.78 0.19 0.74 0.19 0.78 0.81 0.19 0.78 0.78 0.19 0.81 0.78 0.19 0.78 0.78 0.78 0.78 0.19 0.52 0.48 0.78 0.78 0.00 0.78 
0.91 0.48 0.74 0.78 0.74 0.83 0.17 0.43 0.87 0.17 0.74 0.83 0.74 0.91 0.74 0.74 0.23 0.87 0.20 0.74 0.87 0.00 0.74 0.74 0.19 0.78 0.74 0.04 0.74 0.74 0.74 0.74 0.19 0.52 0.36 0.74 0.74 0.19 0.74 
0.20 0.68 0.85 0.80 0.85 0.85 0.88 0.80 0.80 0.88 0.80 0.85 0.85 0.00 0.85 0.85 0.85 0.15 0.84 0.80 0.80 0.91 0.85 0.85 0.85 0.80 0.85 0.87 0.85 0.85 0.85 0.85 0.85 0.67 0.80 0.85 0.70 0.85 0.85 
0.85 0.84 0.00 0.80 0.00 0.79 0.79 0.89 0.88 0.79 0.93 0.79 0.00 0.85 0.00 0.00 0.81 0.84 0.80 0.93 0.88 0.74 0.00 0.00 0.77 0.88 0.00 0.78 0.00 0.00 0.00 0.00 0.81 0.81 0.80 0.00 0.73 0.78 0.00 
0.70 0.19 0.81 0.78 0.81 0.74 0.56 0.11 0.81 0.56 0.81 0.74 0.81 0.67 0.81 0.81 0.56 0.70 0.52 0.81 0.81 0.52 0.81 0.81 0.56 0.70 0.81 0.48 0.81 0.81 0.81 0.81 0.56 0.00 0.52 0.81 0.74 0.52 0.81 
